44  64
 47  75
 64  92
 67  36
 67  25
  9  32
 83  42
 21  14
 36  86
 87  28
 70  20
 88  82
 88  68
 12  22
 58  99
 65  83
 39   7
 87  72
 46  61
 88  13
 81   5
 37   0
 25   8
 77  79
 72  79
  9  53
 20  11
 80   4
 69  39
 79  92
 47  45
 64  26
 82  74
 99  52
 88  49
 49  91
 29  51
 19  99
 19  18
 14  34
 39  51
 32  30
 65  53
  9  58
 57  43
 32  55
 31  18
 74  45
 23  87
 35  65
 75  70
 55  53
 28  48
 34  94
  0  59
  0  80
 36  26
 53  35
  5  58
 38  49
 17  73
 79  44
  4  13
 42  70
 58  38
 31  39
  1   8
 65  13
 41   7
 57  80
 35  22
 11  79
 46  89
 82   8
 91  99
  0   6
 14  81
 99  71
 53  84
 12  89
 42  66
 84  60
 75  16
 68  56
  6  23
 68  24
 47   4
  3 100
 76  49
100  87
 52  30
 78  54
 15  25
 20  20
 99  97
 58  57
 23  23
 79  27
 13  29
 85  33
 48  53
 49  51
 69  86
 41   7
 35   9
 64  54
 95   0
 69  83
 94  36
  0  81
 50  20
 36   3
 34  42
 48  65
 93  20
  3  36
 98  68
 42  80
 77  47
 21  10
 73  94
  0  91
 10  43
 43  63
 58  31
 23  20
 59  70
  2   9
 98  60
 62  91
 35  35
 94  83
 67  76
 82  18
 46  74
 99  98
 20  97
 81  43
 50   3
 27  12
 14 100
 41  58
 58   1
 65   0
 36  39
 10  24
 86  58
 43  36
 11  99
  2  69
 51   6
 80   3
 32  98
 54  40
  0  60
 38  33
 19  28
 46  68
 42  26
 56  96
 60  51
 77  73
 30  53
 24  69
  2  33
  3   7
 94  94
 98  72
 13  84
 40   7
 72  67
 19  85
 95  91
 72  67
 26  84
 66  71
 52  83
 67  95
 61   0
 14   5
 96  91
  4  30
 67  73
 11  83
 86   7
 77  21
 75  92
 56   8
 16  43
 24  46
 29   0
 21  51
 25  38
 80  89
 60  74
 61  98
 83  87
 33  96
 32  83
100  26
 70  78
 85  32
 31  70
 13  97
 71  44
 56  59
 24  57
 79  50
 41  45
 18   4
 40  57
 54  93
 79  91
 11  17
 38  35
 93  66
  1  20
 95  45
 44  57
 88  79
 24  36
 67  62
 82   4
  3  77
 76  30
 35  87
 86  98
 61  35
 69  73
 87  90
 43  55
 32  26
 11  22
 84  76
 10  79
 54  98
 37  90
 28  51
  2  46
 27  80
 83  61
 89  60
 23  47
 53   0
 51  10
 46  75
 20  13
 53  71
 29  94
 67   6
 35  45
 39  30
  9  15
 73  41
 41  38
 23  53
  3  43
 46  82
 90   7
 50  92
  3  65
 31  41
  9  66
 10  92
 27  78
 45  91
 71 100
 39  31
 61  93
 85  50
 97  46
 44  93
 34  33
 34  12
 88  96
 33  80
  5  66
 36  72
  0  10
 75  90
 34  27
 69  56
 53  65
 80  64
 62  69
  8  88
 61  34
  1  79
 81   3
 35  60
 91  37
 40  43
 36  83
 48  88
 25  70
 67  20
 35   6
 30  28
 29   6
 33  66
 18  92
 17  92
 93  69
 84  73
  2 100
 69  54
 12  77
 44  21
 66  31
 91  81
 85  35
 39   8
 39  25
 75  21
 22  45
 30  86
 17  16
 70  25
 71  37
 18   1
 92   5
 43  70
 83  12
 49  90
 41  74
 93  54
 46  78
 21  62
 73  72
 89  71
 96  45
 91   5
 73  47
 28  59
 81  42
 58  67
  0  10
 86  57
 63  91
 16  89
 36   3
 94  78
 24  82
 63  69
 67  58
 51   4
  8  17
 56  69
 91  63
 93  94
 87  24
 32   3
 19  69
 72  40
 71  36
 87  58
 13  49
 58  55
 81  24
 55  33
