80 23
90 53
19 18
2 45
69 99
47 9
43 71
89 81
36 44
88 47
72 16
83 52
72 92
85 25
36 58
51 15
47 40
68 32
25 70
77 60
35 90
69 44
27 57
25 63
0 12
76 39
95 58
57 66
16 42
57 52
66 8
33 12
48 0
10 39
36 87
99 71
42 68
15 69
91 6
98 58
85 74
97 80
98 53
11 13
95 69
31 60
77 64
38 91
64 48
30 0
0 95
37 43
62 18
78 19
24 76
77 76
15 73
55 12
92 66
26 87
34 57
12 77
21 51
68 51
65 64
51 66
58 55
75 20
73 18
5 64
94 82
39 8
20 94
88 11
25 13
64 26
36 77
2 57
94 70
8 24
33 25
56 58
80 30
44 19
49 49
83 8
30 21
84 16
81 71
27 5
50 92
31 86
34 0
43 94
36 17
17 36
8 74
94 55
70 37
74 85
86 56
60 82
43 9
98 23
80 24
28 29
82 26
14 82
26 23
75 62
6 59
98 82
99 57
36 34
94 9
86 79
31 45
60 74
54 23
97 100
14 91
95 96
83 75
44 8
65 85
37 71
43 0
52 7
58 54
42 51
29 94
97 60
38 22
100 58
46 96
23 60
53 17
21 35
58 65
10 22
50 47
94 59
13 11
67 37
66 75
55 95
68 51
21 72
39 20
96 85
83 18
10 35
1 32
36 25
63 46
48 79
93 7
4 73
85 71
9 16
11 64
78 45
81 99
16 20
85 78
4 67
62 15
68 29
13 4
54 42
50 1
21 9
8 25
82 60
62 57
76 39
21 53
84 1
51 66
88 2
43 93
35 4
74 3
33 53
74 53
95 90
55 82
99 29
73 46
89 0
3 65
39 91
17 22
92 35
54 80
37 97
38 72
67 78
41 66
30 14
19 91
71 40
73 69
69 45
15 24
46 85
55 51
75 38
40 32
73 94
78 76
57 15
14 90
93 55
22 89
36 41
80 6
47 18
41 15
29 22
5 41
6 60
93 81
99 99
13 37
92 91
80 14
73 94
4 31
14 93
87 16
33 32
89 80
50 30
61 45
52 33
53 25
59 45
72 57
9 51
61 0
8 40
82 81
100 52
78 13
44 64
97 43
62 85
89 78
14 15
23 33
48 76
24 7
87 96
30 96
47 57
62 21
63 9
68 62
61 45
42 4
76 38
13 37
22 1
15 3
17 4
36 31
80 60
4 32
21 1
94 34
58 55
55 21
65 22
49 92
34 91
63 9
28 76
12 51
78 27
54 61
31 56
58 77
82 63
75 69
64 68
3 88
90 58
75 54
47 91
45 81
81 7
56 9
50 68
26 27
62 46
54 93
1 11
36 49
40 10
17 70
45 20
58 34
45 99
88 58
89 99
38 70
73 60
45 22
27 37
15 89
83 69
48 50
46 50
65 87
26 82
56 71
69 80
4 80
45 58
37 33
23 41
69 62
67 80
84 94
16 65
49 65
100 97
81 45
46 45
98 38
94 20
9 28
66 80
74 10
38 10
10 27
17 79
89 84
25 38
43 7
2 92
73 1
54 19
12 100
65 77
38 24
97 13
52 28
93 25
39 97
1 49
23 85
94 11
34 18
15 77
26 17
35 65
85 89
84 64